       0     255       0       0     255     255     255       0       1       3
       5       6       8      10      12      13      15      17      19      20
      22      24      26      27      29      31      33      34      36      38
      39      41      43      45      46      48      50      52      53      55
      57      59      60      62      64      66      67      69      71      72
      74      76      78      79      81      83      85      86      88      90
      92      93      95      97      99     100     102     104     106     106
     107     109     110     112     113     115     116     118     119     121
     122     124     125     127     128     130     131     133     134     136
     138     139     141     142     144     145     147     148     150     151
     153     154     156     157     159     160     162     163     165     166
     168     170     171     173     174     176     177     179     180     182
     183     185     186     188     189     191     192     194     195     197
     199     199     199     200     201     202     203     204     205     206
     207     208     209     210     210     211     212     213     214     215
     216     217     218     219     220     221     221     222     223     224
     225     226     227     228     229     230     231     232     232     233
     234     235     236     237     238     239     240     241     242     243
     243     244     245     246     247     248     249     250     251     252
     253     254     255     255     255     255     255     255     255     255
     255     255     255     255     255     255     255     255     255     255
     255     255     255     255     255     255     255     255     255     255
     255     255     255     255     255     255     255     255     255     255
     255     255     255     255     255     255     255     255     255     255
     255     255     255     255     255     255     255     255     255     255
     255     255     255     255     255     255
       0       0       0     128     255     165       0       0       1       2
       4       5       7       8      10      11      13      14      16      17
      19      20      22      23      25      26      28      29      30      32
      33      35      36      38      39      41      42      44      45      47
      48      50      51      53      54      56      57      59      60      61
      63      64      66      67      69      70      72      73      75      76
      78      79      81      82      84      85      87      88      90      90
      88      87      86      85      84      83      82      80      79      78
      77      76      75      74      73      71      70      69      68      67
      66      65      63      62      61      60      59      58      57      56
      54      53      52      51      50      49      48      47      45      44
      43      42      41      40      39      37      36      35      34      33
      32      31      30      28      27      26      25      24      23      22
      21      21      23      25      28      30      32      35      37      39
      42      44      46      49      51      54      56      58      61      63
      65      68      70      72      75      77      80      82      84      87
      89      91      94      96      98     101     103     105     108     110
     113     115     117     120     122     124     127     129     131     134
     136     139     141     143     146     148     150     153     155     157
     160     162     165     165     166     167     169     170     172     173
     175     176     178     179     181     182     184     185     187     188
     190     191     193     194     195     197     198     200     201     203
     204     206     207     209     210     212     213     215     216     218
     219     221     222     224     225     226     228     229     231     232
     234     235     237     238     240     241     243     244     246     247
     249     250     252     253     255     255
       0     255     255       0       0       0       0       0       3       6
      10      13      16      20      23      26      30      33      36      40
      43      47      50      53      57      60      63      67      70      73
      77      80      84      87      90      94      97     100     104     107
     110     114     117     120     124     127     131     134     137     141
     144     147     151     154     157     161     164     168     171     174
     178     181     184     188     191     194     198     201     205     205
     203     202     201     200     199     197     196     195     194     193
     192     190     189     188     187     186     184     183     182     181
     180     179     177     176     175     174     173     171     170     169
     168     167     166     164     163     162     161     160     158     157
     156     155     154     153     151     150     149     148     147     145
     144     143     142     141     140     138     137     136     135     134
     133     133     130     128     126     124     122     119     117     115
     113     111     109     106     104     102     100      98      95      93
      91      89      87      85      82      80      78      76      74      71
      69      67      65      63      61      58      56      54      52      50
      47      45      43      41      39      37      34      32      30      28
      26      23      21      19      17      15      13      10       8       6
       4       2       0       0       4       8      12      16      20      25
      29      33      37      41      45      50      54      58      62      66
      71      75      79      83      87      91      96     100     104     108
     112     117     121     125     129     133     137     142     146     150
     154     158     163     167     171     175     179     183     188     192
     196     200     204     209     213     217     221     225     229     234
     238     242     246     250     255     255
